lfw_5590\Aaron_Guiel_0001.jpg 101.250000 146.750000 125.250000 93.750000 139.750000 112.250000 117.750000 137.750000 160.750000 164.750000 1 1 2 3
lfw_5590\Aaron_Peirsol_0001.jpg 107.750000 147.750000 130.250000 109.250000 147.750000 114.250000 114.250000 140.750000 154.250000 153.750000 1 1 2 3
lfw_5590\Aaron_Pena_0001.jpg 102.750000 146.250000 126.250000 120.750000 147.250000 117.750000 104.750000 137.750000 164.750000 156.750000 1 2 2 3
lfw_5590\Aaron_Sorkin_0001.jpg 102.250000 144.750000 130.750000 100.250000 143.250000 113.250000 112.750000 138.750000 156.250000 155.750000 1 1 2 3
lfw_5590\Aaron_Tippin_0001.jpg 104.750000 142.750000 130.250000 111.750000 135.750000 112.750000 112.250000 134.750000 157.250000 156.250000 1 2 2 4
 lfw_5590\Abba_Eban_0001.jpg 106.750000 146.750000 134.750000 108.750000 149.750000 114.750000 111.250000 137.250000 157.250000 156.250000 1 1 1 3
 lfw_5590\Abdel_Aziz_Al-Hakim_0001.jpg 111.750000 149.250000 137.750000 112.750000 142.750000 111.250000 114.750000 134.250000 153.250000 155.250000 1 1 1 4
 lfw_5590\Abdel_Nasser_Assidi_0001.jpg 104.750000 149.250000 125.250000 107.750000 137.250000 113.250000 116.250000 135.250000 156.750000 160.250000 1 2 2 3
 lfw_5590\Abdulaziz_Kamilov_0001.jpg 109.250000 147.750000 129.750000 105.250000 134.250000 111.250000 117.250000 138.750000 153.750000 159.250000 1 2 2 3
 lfw_5590\Abdullah_0001.jpg 107.250000 149.250000 127.750000 111.250000 138.750000 113.750000 114.250000 133.250000 156.250000 156.750000 1 2 2 3
 lfw_5590\Adrian_Annus_0001.jpg 107.250000 147.250000 135.250000 105.250000 147.750000 111.250000 114.750000 136.250000 167.750000 167.750000 1 2 2 4
 lfw_5590\Adrian_Fernandez_0001.jpg 103.750000 147.750000 130.250000 110.750000 141.750000 108.750000 111.750000 130.250000 153.250000 154.750000 1 1 1 3
 lfw_5590\Adrian_Murrell_0001.jpg 103.250000 145.250000 123.750000 109.250000 144.250000 115.250000 114.750000 135.250000 162.750000 162.250000 1 2 2 3
 lfw_5590\Adrian_Nastase_0001.jpg 103.750000 147.750000 131.250000 105.750000 139.750000 111.750000 115.750000 134.750000 156.750000 157.750000 1 2 2 3
 lfw_5590\Adrien_Brody_0001.jpg 105.750000 153.250000 139.250000 108.750000 149.750000 112.750000 109.250000 140.250000 160.250000 157.250000 1 1 2 4
 lfw_5590\Ahmed_Chalabi_0001.jpg 104.250000 147.750000 127.750000 103.750000 139.750000 109.750000 113.750000 134.750000 155.750000 157.750000 1 1 2 3
 lfw_5590\Ahmed_Ibrahim_Bilal_0001.jpg 100.250000 149.250000 125.250000 105.250000 142.750000 108.750000 111.250000 129.750000 154.750000 154.750000 1 2 2 3
 lfw_5590\Ahmed_Lopez_0001.jpg 103.750000 143.750000 122.250000 108.750000 144.750000 114.750000 114.250000 137.250000 159.250000 159.250000 1 1 2 3
 lfw_5590\Ahmed_Qureia_0001.jpg 103.750000 143.250000 123.250000 109.750000 148.750000 109.250000 107.750000 133.750000 152.750000 148.750000 1 1 1 3
 lfw_5590\Ahmet_Demir_0001.jpg 110.250000 151.250000 134.250000 103.250000 138.250000 110.750000 119.750000 138.750000 159.250000 167.750000 1 2 1 4